       Time_s           01           02           03           04           05
   0.0000E+00   1.8000E+02   2.9600E+02   0.0000E+00   0.0000E+00   0.0000E+00
   1.0000E-10   1.8000E+02   2.9600E+02   8.6235E+04   7.1889E-07   2.5342E-03
   2.0000E-10   1.8000E+02   2.9600E+02   8.6235E+04   9.4065E-07   3.3159E-03
   3.0000E-10   1.8000E+02   2.9600E+02   8.6235E+04   1.2311E-06   4.3397E-03
   4.0000E-10   1.8000E+02   2.9600E+02   8.6235E+04   1.6115E-06   5.6805E-03
   5.0000E-10   1.8000E+02   2.9600E+02   8.6235E+04   2.1096E-06   7.4365E-03
   6.0000E-10   1.8000E+02   2.9600E+02   8.6235E+04   2.7619E-06   9.7361E-03
   7.0000E-10   1.8000E+02   2.9600E+02   8.6235E+04   3.6163E-06   1.2748E-02
   8.0000E-10   1.8000E+02   2.9600E+02   8.6235E+04   4.7352E-06   1.6692E-02
   9.0000E-10   1.8000E+02   2.9600E+02   8.6235E+04   6.2006E-06   2.1858E-02
   1.0000E-09   1.8000E+02   2.9600E+02   8.6235E+04   8.1196E-06   2.8623E-02
   1.1000E-09   1.8000E+02   2.9600E+02   8.6235E+04   1.0633E-05   3.7482E-02
   1.2000E-09   1.8000E+02   2.9600E+02   8.6235E+04   1.3924E-05   4.9084E-02
   1.3000E-09   1.8000E+02   2.9600E+02   8.6235E+04   1.8235E-05   6.4279E-02
   1.4000E-09   1.8000E+02   2.9600E+02   8.6235E+04   2.3880E-05   8.4178E-02
   1.5000E-09   1.8000E+02   2.9600E+02   8.6235E+04   3.1272E-05   1.1024E-01
   1.6000E-09   1.8000E+02   2.9600E+02   8.6235E+04   4.0954E-05   1.4437E-01
   1.7000E-09   1.8000E+02   2.9600E+02   8.6235E+04   5.3633E-05   1.8906E-01
   1.8000E-09   1.8000E+02   2.9600E+02   8.6235E+04   7.0238E-05   2.4760E-01
   1.9000E-09   1.8000E+02   2.9600E+02   8.6235E+04   9.1984E-05   3.2425E-01
   2.0000E-09   1.8000E+02   2.9600E+02   8.6235E+04   1.2046E-04   4.2464E-01
   2.1000E-09   1.8000E+02   2.9600E+02   8.6235E+04   1.5776E-04   5.5611E-01
   2.2000E-09   1.8000E+02   2.9600E+02   8.6235E+04   2.0660E-04   7.2829E-01
   2.3000E-09   1.8000E+02   2.9600E+02   8.6235E+04   2.7057E-04   9.5378E-01
   2.4000E-09   1.8000E+02   2.9600E+02   8.6235E+04   3.5434E-04   1.2491E+00
   2.5000E-09   1.8000E+02   2.9600E+02   8.6235E+04   4.6405E-04   1.6358E+00
   2.6000E-09   1.8000E+02   2.9600E+02   8.6235E+04   6.0772E-04   2.1423E+00
   2.7000E-09   1.8000E+02   2.9600E+02   8.6235E+04   7.9588E-04   2.8055E+00
   2.8000E-09   1.8000E+02   2.9600E+02   8.6235E+04   1.0423E-03   3.6742E+00
   2.9000E-09   1.8000E+02   2.9600E+02   8.6235E+04   1.3650E-03   4.8117E+00
   3.0000E-09   1.8000E+02   2.9600E+02   8.6235E+04   1.7876E-03   6.3015E+00
   3.1000E-09   1.8000E+02   2.9600E+02   8.6235E+04   2.3411E-03   8.2526E+00
   3.2000E-09   1.8000E+02   2.9600E+02   8.6235E+04   3.0659E-03   1.0808E+01
   3.3000E-09   1.8000E+02   2.9600E+02   8.6235E+04   4.0152E-03   1.4154E+01
   3.4000E-09   1.8000E+02   2.9600E+02   8.6235E+04   5.2583E-03   1.8536E+01
   3.5000E-09   1.8000E+02   2.9600E+02   8.6235E+04   6.8863E-03   2.4275E+01
   3.6000E-09   1.8000E+02   2.9600E+02   8.6235E+04   9.0184E-03   3.1791E+01
   3.7000E-09   1.8000E+02   2.9600E+02   8.6235E+04   1.1811E-02   4.1634E+01
   3.8000E-09   1.8000E+02   2.9600E+02   8.6235E+04   1.5467E-02   5.4524E+01
   3.9000E-09   1.8000E+02   2.9600E+02   8.6235E+04   2.0256E-02   7.1406E+01
   4.0000E-09   1.8000E+02   2.9600E+02   8.6235E+04   2.6528E-02   9.3514E+01
   4.1000E-09   1.8000E+02   2.9600E+02   8.6235E+04   3.4741E-02   1.2247E+02
   4.2000E-09   1.8000E+02   2.9600E+02   8.6235E+04   4.5498E-02   1.6038E+02
   4.3000E-09   1.8000E+02   2.9600E+02   8.6235E+04   5.9584E-02   2.1004E+02
   4.4000E-09   1.8000E+02   2.9600E+02   8.6235E+04   7.8032E-02   2.7507E+02
   4.5000E-09   1.8000E+02   2.9600E+02   8.6235E+04   1.0219E-01   3.6024E+02
   4.6000E-09   1.8000E+02   2.9600E+02   8.6235E+04   1.3383E-01   4.7177E+02
   4.7000E-09   1.8000E+02   2.9600E+02   8.6235E+04   1.7527E-01   6.1784E+02
   4.8000E-09   1.8000E+02   2.9600E+02   8.6235E+04   2.2953E-01   8.0913E+02
   4.9000E-09   1.8000E+02   2.9600E+02   8.6235E+04   3.0060E-01   1.0596E+03
   5.0000E-09   1.8000E+02   2.9600E+02   8.6235E+04   3.9367E-01   1.3877E+03
   5.1000E-09   1.8000E+02   2.9600E+02   8.6235E+04   5.1556E-01   1.8174E+03
   5.2000E-09   1.8000E+02   2.9600E+02   8.6235E+04   6.7518E-01   2.3801E+03
   5.3000E-09   1.8000E+02   2.9600E+02   8.6235E+04   8.8422E-01   3.1170E+03
   5.4000E-09   1.8000E+02   2.9600E+02   8.6235E+04   1.1580E+00   4.0820E+03
   5.5000E-09   1.8000E+02   2.9600E+02   8.6235E+04   1.5165E+00   5.3459E+03
   5.6000E-09   1.8000E+02   2.9600E+02   8.6235E+04   1.9861E+00   7.0010E+03
   5.7000E-09   1.8000E+02   2.9600E+02   8.6235E+04   2.6010E+00   9.1686E+03
   5.8000E-09   1.8000E+02   2.9600E+02   8.6235E+04   3.4062E+00   1.2007E+04
   5.9000E-09   1.8000E+02   2.9600E+02   8.6235E+04   4.4608E+00   1.5725E+04
   6.0000E-09   1.8000E+02   2.9600E+02   8.6235E+04   5.8420E+00   2.0594E+04
   6.1000E-09   1.8000E+02   2.9600E+02   8.6235E+04   7.6507E+00   2.6970E+04
   6.2000E-09   1.8000E+02   2.9600E+02   8.6235E+04   1.0019E+01   3.5320E+04
   6.3000E-09   1.8000E+02   2.9600E+02   8.6235E+04   1.3122E+01   4.6255E+04
   6.4000E-09   1.8000E+02   2.9600E+02   8.6235E+04   1.7184E+01   6.0575E+04
   6.5000E-09   1.8000E+02   2.9600E+02   8.6235E+04   2.2504E+01   7.9330E+04
   6.6000E-09   1.8000E+02   2.9600E+02   8.6235E+04   2.9471E+01   1.0389E+05
   6.7000E-09   1.8000E+02   2.9600E+02   8.6235E+04   3.8596E+01   1.3605E+05
   6.8000E-09   1.8000E+02   2.9600E+02   8.6235E+04   5.0545E+01   1.7818E+05
   6.9000E-09   1.8000E+02   2.9600E+02   8.6235E+04   6.6192E+01   2.3334E+05
   7.0000E-09   1.8000E+02   2.9600E+02   8.6235E+04   8.6683E+01   3.0557E+05
   7.1000E-09   1.8000E+02   2.9601E+02   8.6236E+04   1.1352E+02   4.0019E+05
   7.2000E-09   1.8000E+02   2.9601E+02   8.6236E+04   1.4867E+02   5.2409E+05
   7.3000E-09   1.8000E+02   2.9601E+02   8.6236E+04   1.9470E+02   6.8636E+05
   7.4000E-09   1.8000E+02   2.9601E+02   8.6237E+04   2.5499E+02   8.9889E+05
   7.5000E-09   1.8000E+02   2.9602E+02   8.6238E+04   3.3395E+02   1.1773E+06
   7.6000E-09   1.8000E+02   2.9603E+02   8.6239E+04   4.3736E+02   1.5418E+06
   7.7000E-09   1.8000E+02   2.9603E+02   8.6240E+04   5.7279E+02   2.0192E+06
   7.8000E-09   1.8000E+02   2.9604E+02   8.6241E+04   7.5015E+02   2.6445E+06
   7.9000E-09   1.8000E+02   2.9606E+02   8.6243E+04   9.8244E+02   3.4635E+06
   8.0000E-09   1.8000E+02   2.9607E+02   8.6248E+04   1.2868E+03   4.5367E+06
   8.1000E-09   1.8000E+02   2.9610E+02   8.6252E+04   1.6853E+03   5.9419E+06
   8.2000E-09   1.8000E+02   2.9613E+02   8.6257E+04   2.2073E+03   7.7825E+06
   8.3000E-09   1.8000E+02   2.9617E+02   8.6263E+04   2.8910E+03   1.0193E+07
   8.4000E-09   1.8000E+02   2.9622E+02   8.6271E+04   3.7863E+03   1.3352E+07
   8.5000E-09   1.8000E+02   2.9628E+02   8.6281E+04   4.9590E+03   1.7488E+07
   8.6000E-09   1.8000E+02   2.9637E+02   8.6311E+04   6.4980E+03   2.2919E+07
   8.7000E-09   1.8000E+02   2.9649E+02   8.6332E+04   8.5109E+03   3.0024E+07
   8.8000E-09   1.8000E+02   2.9664E+02   8.6360E+04   1.1147E+04   3.9332E+07
   8.9000E-09   1.8000E+02   2.9684E+02   8.6395E+04   1.4597E+04   5.1522E+07
   9.0000E-09   1.8000E+02   2.9710E+02   8.6441E+04   1.9112E+04   6.7485E+07
   9.1000E-09   1.8000E+02   2.9744E+02   8.6535E+04   2.5035E+04   8.8441E+07
   9.2000E-09   1.8000E+02   2.9788E+02   8.6674E+04   3.2788E+04   1.1591E+08
   9.3000E-09   1.8000E+02   2.9846E+02   8.6767E+04   4.2850E+04   1.5161E+08
   9.4000E-09   1.8000E+02   2.9922E+02   8.7014E+04   5.6042E+04   1.9850E+08
   9.5000E-09   1.8000E+02   3.0021E+02   8.7179E+04   7.3024E+04   2.5901E+08
   9.6000E-09   1.8000E+02   3.0151E+02   8.7631E+04   9.5204E+04   3.3830E+08
   9.7000E-09   1.8000E+02   3.0320E+02   8.8308E+04   1.2389E+05   4.4127E+08
   9.8000E-09   1.8000E+02   3.0539E+02   8.8759E+04   1.5999E+05   5.7149E+08
   9.9000E-09   1.8000E+02   3.0824E+02   8.9941E+04   2.0663E+05   7.4083E+08
   1.0000E-08   1.8000E+02   3.1193E+02   9.0712E+04   2.6358E+05   9.4939E+08
   1.0100E-08   1.8000E+02   3.1667E+02   9.2698E+04   3.3619E+05   1.2177E+09
   1.0200E-08   1.8000E+02   3.2275E+02   9.5436E+04   4.2605E+05   1.5537E+09
   1.0300E-08   1.8000E+02   3.3048E+02   9.7133E+04   5.2769E+05   1.9397E+09
   1.0400E-08   1.8000E+02   3.4022E+02   1.0125E+05   6.5466E+05   2.4282E+09
   1.0500E-08   1.8000E+02   3.5237E+02   1.0640E+05   8.0292E+05   3.0077E+09
   1.0600E-08   1.8000E+02   3.6732E+02   1.0931E+05   9.5134E+05   3.6007E+09
   1.0700E-08   1.8000E+02   3.8545E+02   1.1561E+05   1.1308E+06   4.3239E+09
   1.0800E-08   1.8000E+02   4.0707E+02   1.1880E+05   1.2973E+06   5.0067E+09
   1.0900E-08   1.8000E+02   4.3241E+02   1.2329E+05   1.4823E+06   5.7635E+09
   1.1000E-08   1.8000E+02   4.6169E+02   1.2739E+05   1.6782E+06   6.5562E+09
   1.1100E-08   1.8000E+02   4.9510E+02   1.3015E+05   1.8848E+06   7.3731E+09
   1.1200E-08   1.8000E+02   5.3285E+02   1.3249E+05   2.1171E+06   8.2593E+09
   1.1300E-08   1.8000E+02   5.7547E+02   1.3351E+05   2.3767E+06   9.2063E+09
   1.1400E-08   1.8000E+02   6.2355E+02   1.3411E+05   2.6758E+06   1.0245E+10
   1.1500E-08   1.8000E+02   6.7783E+02   1.3429E+05   3.0164E+06   1.1364E+10
   1.1600E-08   1.8000E+02   7.3906E+02   1.3428E+05   3.3952E+06   1.2534E+10
   1.1700E-08   1.8000E+02   8.0797E+02   1.3425E+05   3.8141E+06   1.3746E+10
   1.1800E-08   1.8000E+02   8.8522E+02   1.3418E+05   4.2634E+06   1.4949E+10
   1.1900E-08   1.8000E+02   9.7132E+02   1.3409E+05   4.7343E+06   1.6104E+10
   1.2000E-08   1.8000E+02   1.0666E+03   1.3402E+05   5.2242E+06   1.7197E+10
   1.2100E-08   1.8000E+02   1.1714E+03   1.3397E+05   5.7230E+06   1.8193E+10
   1.2200E-08   1.8000E+02   1.2857E+03   1.3393E+05   6.2234E+06   1.9075E+10
   1.2300E-08   1.8000E+02   1.4095E+03   1.3389E+05   6.7181E+06   1.9829E+10
   1.2400E-08   1.8000E+02   1.5426E+03   1.3385E+05   7.2010E+06   2.0453E+10
   1.2500E-08   1.8000E+02   1.6846E+03   1.3382E+05   7.6662E+06   2.0946E+10
   1.2600E-08   1.8000E+02   1.8352E+03   1.3380E+05   8.1110E+06   2.1320E+10
   1.2700E-08   1.8000E+02   1.9939E+03   1.3377E+05   8.5317E+06   2.1585E+10
   1.2800E-08   1.8000E+02   2.1602E+03   1.3374E+05   8.9249E+06   2.1749E+10
   1.2900E-08   1.8000E+02   2.3336E+03   1.3373E+05   9.2947E+06   2.1839E+10
   1.3000E-08   1.8000E+02   2.5135E+03   1.3371E+05   9.6387E+06   2.1862E+10
   1.3100E-08   1.8000E+02   2.6996E+03   1.3370E+05   9.9583E+06   2.1831E+10
   1.3200E-08   1.8000E+02   2.8912E+03   1.3370E+05   1.0255E+07   2.1759E+10
   1.3300E-08   1.8000E+02   3.0879E+03   1.3369E+05   1.0529E+07   2.1653E+10
   1.3400E-08   1.8000E+02   3.2894E+03   1.3368E+05   1.0784E+07   2.1521E+10
   1.3500E-08   1.8000E+02   3.4952E+03   1.3368E+05   1.1020E+07   2.1371E+10
   1.3600E-08   1.8000E+02   3.7050E+03   1.3368E+05   1.1239E+07   2.1208E+10
   1.3700E-08   1.8000E+02   3.9184E+03   1.3367E+05   1.1444E+07   2.1035E+10
   1.3800E-08   1.8000E+02   4.1352E+03   1.3367E+05   1.1635E+07   2.0855E+10
   1.3900E-08   1.8000E+02   4.3550E+03   1.3367E+05   1.1813E+07   2.0671E+10
   1.4000E-08   1.8000E+02   4.5778E+03   1.3367E+05   1.1981E+07   2.0484E+10
   1.4100E-08   1.8000E+02   4.8032E+03   1.3367E+05   1.2138E+07   2.0296E+10
   1.4200E-08   1.8000E+02   5.0311E+03   1.3367E+05   1.2286E+07   2.0109E+10
   1.4300E-08   1.8000E+02   5.2613E+03   1.3366E+05   1.2427E+07   1.9921E+10
   1.4400E-08   1.8000E+02   5.4936E+03   1.3366E+05   1.2560E+07   1.9736E+10
   1.4500E-08   1.8000E+02   5.7277E+03   1.3366E+05   1.2686E+07   1.9552E+10
   1.4600E-08   1.8000E+02   5.9639E+03   1.3366E+05   1.2806E+07   1.9370E+10
   1.4700E-08   1.8000E+02   6.2018E+03   1.3366E+05   1.2920E+07   1.9190E+10
   1.4800E-08   1.8000E+02   6.4413E+03   1.3366E+05   1.3029E+07   1.9012E+10
   1.4900E-08   1.8000E+02   6.6821E+03   1.3366E+05   1.3133E+07   1.8838E+10
   1.5000E-08   1.8000E+02   6.9245E+03   1.3366E+05   1.3233E+07   1.8666E+10
   1.5100E-08   1.8000E+02   7.1682E+03   1.3366E+05   1.3328E+07   1.8497E+10
   1.5200E-08   1.8000E+02   7.4129E+03   1.3366E+05   1.3419E+07   1.8331E+10
   1.5300E-08   1.8000E+02   7.6591E+03   1.3366E+05   1.3507E+07   1.8168E+10
   1.5400E-08   1.8000E+02   7.9064E+03   1.3366E+05   1.3592E+07   1.8008E+10
   1.5500E-08   1.8000E+02   8.1547E+03   1.3366E+05   1.3672E+07   1.7851E+10
   1.5600E-08   1.8000E+02   8.4040E+03   1.3366E+05   1.3750E+07   1.7697E+10
   1.5700E-08   1.8000E+02   8.6540E+03   1.3366E+05   1.3825E+07   1.7547E+10
   1.5800E-08   1.8000E+02   8.9050E+03   1.3366E+05   1.3897E+07   1.7399E+10
   1.5900E-08   1.8000E+02   9.1568E+03   1.3366E+05   1.3966E+07   1.7255E+10
   1.6000E-08   1.8000E+02   9.4093E+03   1.3366E+05   1.4033E+07   1.7115E+10
   1.6100E-08   1.8000E+02   9.6624E+03   1.3366E+05   1.4097E+07   1.6978E+10
   1.6200E-08   1.8000E+02   9.9161E+03   1.3366E+05   1.4159E+07   1.6844E+10
   1.6300E-08   1.8000E+02   1.0170E+04   1.3366E+05   1.4218E+07   1.6713E+10
   1.6400E-08   1.8000E+02   1.0425E+04   1.3366E+05   1.4275E+07   1.6586E+10
   1.6500E-08   1.8000E+02   1.0680E+04   1.3366E+05   1.4330E+07   1.6462E+10
   1.6600E-08   1.8000E+02   1.0936E+04   1.3366E+05   1.4383E+07   1.6342E+10
   1.6700E-08   1.8000E+02   1.1192E+04   1.3366E+05   1.4434E+07   1.6224E+10
   1.6800E-08   1.8000E+02   1.1448E+04   1.3366E+05   1.4483E+07   1.6111E+10
   1.6900E-08   1.8000E+02   1.1705E+04   1.3366E+05   1.4530E+07   1.6000E+10
   1.7000E-08   1.8000E+02   1.1962E+04   1.3366E+05   1.4575E+07   1.5893E+10
   1.7100E-08   1.8000E+02   1.2219E+04   1.3366E+05   1.4619E+07   1.5788E+10
   1.7200E-08   1.8000E+02   1.2476E+04   1.3366E+05   1.4661E+07   1.5688E+10
   1.7300E-08   1.8000E+02   1.2734E+04   1.3366E+05   1.4701E+07   1.5590E+10
   1.7400E-08   1.8000E+02   1.2992E+04   1.3366E+05   1.4740E+07   1.5495E+10
   1.7500E-08   1.8000E+02   1.3249E+04   1.3366E+05   1.4777E+07   1.5403E+10
   1.7600E-08   1.8000E+02   1.3508E+04   1.3366E+05   1.4813E+07   1.5315E+10
   1.7700E-08   1.8000E+02   1.3766E+04   1.3366E+05   1.4847E+07   1.5229E+10
   1.7800E-08   1.8000E+02   1.4024E+04   1.3366E+05   1.4880E+07   1.5146E+10
   1.7900E-08   1.8000E+02   1.4282E+04   1.3366E+05   1.4912E+07   1.5066E+10
   1.8000E-08   1.8000E+02   1.4540E+04   1.3366E+05   1.4942E+07   1.4989E+10
   1.8100E-08   1.8000E+02   1.4797E+04   1.3366E+05   1.4971E+07   1.4915E+10
   1.8200E-08   1.8000E+02   1.5055E+04   1.3366E+05   1.4999E+07   1.4843E+10
   1.8300E-08   1.8000E+02   1.5312E+04   1.3366E+05   1.5026E+07   1.4774E+10
   1.8400E-08   1.8000E+02   1.5570E+04   1.3366E+05   1.5052E+07   1.4708E+10
   1.8500E-08   1.8000E+02   1.5827E+04   1.3367E+05   1.5076E+07   1.4644E+10
   1.8600E-08   1.8000E+02   1.6083E+04   1.3367E+05   1.5100E+07   1.4582E+10
   1.8700E-08   1.8000E+02   1.6341E+04   1.3367E+05   1.5123E+07   1.4522E+10
   1.8800E-08   1.8000E+02   1.6598E+04   1.3367E+05   1.5145E+07   1.4465E+10
   1.8900E-08   1.8000E+02   1.6855E+04   1.3367E+05   1.5166E+07   1.4410E+10
   1.9000E-08   1.8000E+02   1.7111E+04   1.3367E+05   1.5186E+07   1.4357E+10
   1.9100E-08   1.8000E+02   1.7368E+04   1.3367E+05   1.5205E+07   1.4306E+10
   1.9200E-08   1.8000E+02   1.7624E+04   1.3367E+05   1.5223E+07   1.4257E+10
   1.9300E-08   1.8000E+02   1.7880E+04   1.3367E+05   1.5241E+07   1.4210E+10
   1.9400E-08   1.8000E+02   1.8136E+04   1.3367E+05   1.5258E+07   1.4164E+10
   1.9500E-08   1.8000E+02   1.8391E+04   1.3367E+05   1.5274E+07   1.4121E+10
   1.9600E-08   1.8000E+02   1.8647E+04   1.3367E+05   1.5290E+07   1.4079E+10
   1.9700E-08   1.8000E+02   1.8900E+04   1.3367E+05   1.5304E+07   1.4039E+10
   1.9800E-08   1.8000E+02   1.9155E+04   1.3367E+05   1.5319E+07   1.4001E+10
   1.9900E-08   1.8000E+02   1.9409E+04   1.3367E+05   1.5332E+07   1.3964E+10
   2.0000E-08   1.8000E+02   1.9663E+04   1.3367E+05   1.5345E+07   1.3928E+10
   2.0100E-08   1.8000E+02   1.9916E+04   1.3367E+05   1.5358E+07   1.3894E+10
   2.0200E-08   1.8000E+02   2.0169E+04   1.3367E+05   1.5370E+07   1.3862E+10
   2.0300E-08   1.8000E+02   2.0422E+04   1.3367E+05   1.5382E+07   1.3830E+10
   2.0400E-08   1.8000E+02   2.0675E+04   1.3367E+05   1.5393E+07   1.3800E+10
   2.0500E-08   1.8000E+02   2.0927E+04   1.3367E+05   1.5403E+07   1.3771E+10
   2.0600E-08   1.8000E+02   2.1178E+04   1.3367E+05   1.5413E+07   1.3743E+10
   2.0700E-08   1.8000E+02   2.1430E+04   1.3367E+05   1.5423E+07   1.3717E+10
   2.0800E-08   1.8000E+02   2.1680E+04   1.3367E+05   1.5433E+07   1.3691E+10
   2.0900E-08   1.8000E+02   2.1931E+04   1.3367E+05   1.5441E+07   1.3667E+10
   2.1000E-08   1.8000E+02   2.2181E+04   1.3367E+05   1.5450E+07   1.3643E+10
   2.1100E-08   1.8000E+02   2.2430E+04   1.3367E+05   1.5458E+07   1.3621E+10
   2.1200E-08   1.8000E+02   2.2680E+04   1.3367E+05   1.5466E+07   1.3599E+10
   2.1300E-08   1.8000E+02   2.2928E+04   1.3367E+05   1.5474E+07   1.3578E+10
   2.1400E-08   1.8000E+02   2.3177E+04   1.3367E+05   1.5481E+07   1.3558E+10
   2.1500E-08   1.8000E+02   2.3424E+04   1.3367E+05   1.5488E+07   1.3539E+10
   2.1600E-08   1.8000E+02   2.3672E+04   1.3367E+05   1.5495E+07   1.3521E+10
   2.1700E-08   1.8000E+02   2.3919E+04   1.3367E+05   1.5501E+07   1.3503E+10
   2.1800E-08   1.8000E+02   2.4165E+04   1.3367E+05   1.5507E+07   1.3486E+10
   2.1900E-08   1.8000E+02   2.4411E+04   1.3367E+05   1.5513E+07   1.3470E+10
   2.2000E-08   1.8000E+02   2.4657E+04   1.3368E+05   1.5519E+07   1.3454E+10
   2.2100E-08   1.8000E+02   2.4902E+04   1.3368E+05   1.5524E+07   1.3439E+10
   2.2200E-08   1.8000E+02   2.5147E+04   1.3368E+05   1.5530E+07   1.3424E+10
   2.2300E-08   1.8000E+02   2.5391E+04   1.3368E+05   1.5535E+07   1.3411E+10
   2.2400E-08   1.8000E+02   2.5635E+04   1.3368E+05   1.5540E+07   1.3397E+10
   2.2500E-08   1.8000E+02   2.5878E+04   1.3368E+05   1.5544E+07   1.3384E+10
   2.2600E-08   1.8000E+02   2.6121E+04   1.3368E+05   1.5549E+07   1.3372E+10
   2.2700E-08   1.8000E+02   2.6363E+04   1.3368E+05   1.5553E+07   1.3360E+10
   2.2800E-08   1.8000E+02   2.6605E+04   1.3368E+05   1.5557E+07   1.3348E+10
   2.2900E-08   1.8000E+02   2.6846E+04   1.3368E+05   1.5561E+07   1.3337E+10
   2.3000E-08   1.8000E+02   2.7087E+04   1.3368E+05   1.5565E+07   1.3327E+10
   2.3100E-08   1.8000E+02   2.7327E+04   1.3368E+05   1.5569E+07   1.3316E+10
   2.3200E-08   1.8000E+02   2.7567E+04   1.3368E+05   1.5572E+07   1.3307E+10
   2.3300E-08   1.8000E+02   2.7806E+04   1.3368E+05   1.5576E+07   1.3297E+10
   2.3400E-08   1.8000E+02   2.8045E+04   1.3368E+05   1.5579E+07   1.3288E+10
   2.3500E-08   1.8000E+02   2.8284E+04   1.3368E+05   1.5582E+07   1.3279E+10
   2.3600E-08   1.8000E+02   2.8521E+04   1.3368E+05   1.5585E+07   1.3271E+10
   2.3700E-08   1.8000E+02   2.8759E+04   1.3368E+05   1.5588E+07   1.3262E+10
   2.3800E-08   1.8000E+02   2.8996E+04   1.3368E+05   1.5591E+07   1.3254E+10
   2.3900E-08   1.8000E+02   2.9232E+04   1.3368E+05   1.5594E+07   1.3247E+10
   2.4000E-08   1.8000E+02   2.9468E+04   1.3368E+05   1.5597E+07   1.3239E+10
   2.4100E-08   1.8000E+02   2.9704E+04   1.3368E+05   1.5599E+07   1.3232E+10
   2.4200E-08   1.8000E+02   2.9939E+04   1.3368E+05   1.5602E+07   1.3225E+10
   2.4300E-08   1.8000E+02   3.0173E+04   1.3368E+05   1.5604E+07   1.3218E+10
   2.4400E-08   1.8000E+02   3.0407E+04   1.3368E+05   1.5607E+07   1.3212E+10
   2.4500E-08   1.8000E+02   3.0641E+04   1.3368E+05   1.5609E+07   1.3206E+10
   2.4600E-08   1.8000E+02   3.0874E+04   1.3368E+05   1.5611E+07   1.3200E+10
   2.4700E-08   1.8000E+02   3.1106E+04   1.3368E+05   1.5613E+07   1.3194E+10
   2.4800E-08   1.8000E+02   3.1338E+04   1.3368E+05   1.5615E+07   1.3188E+10
   2.4900E-08   1.8000E+02   3.1570E+04   1.3368E+05   1.5617E+07   1.3183E+10
   2.5000E-08   1.8000E+02   3.1801E+04   1.3368E+05   1.5619E+07   1.3177E+10
   2.5100E-08   1.8000E+02   3.2031E+04   1.3368E+05   1.5621E+07   1.3172E+10
   2.5200E-08   1.8000E+02   3.2262E+04   1.3368E+05   1.5623E+07   1.3167E+10
   2.5300E-08   1.8000E+02   3.2491E+04   1.3368E+05   1.5624E+07   1.3162E+10
   2.5400E-08   1.8000E+02   3.2720E+04   1.3368E+05   1.5626E+07   1.3157E+10
   2.5500E-08   1.8000E+02   3.2949E+04   1.3368E+05   1.5628E+07   1.3153E+10
   2.5600E-08   1.8000E+02   3.3177E+04   1.3368E+05   1.5629E+07   1.3148E+10
   2.5700E-08   1.8000E+02   3.3404E+04   1.3367E+05   1.5631E+07   1.3144E+10
   2.5800E-08   1.8000E+02   3.3632E+04   1.3367E+05   1.5632E+07   1.3140E+10
   2.5900E-08   1.8000E+02   3.3858E+04   1.3367E+05   1.5634E+07   1.3136E+10
   2.6000E-08   1.8000E+02   3.4084E+04   1.3367E+05   1.5635E+07   1.3132E+10
   2.6100E-08   1.8000E+02   3.4310E+04   1.3367E+05   1.5637E+07   1.3128E+10
   2.6200E-08   1.8000E+02   3.4535E+04   1.3367E+05   1.5638E+07   1.3124E+10
   2.6300E-08   1.8000E+02   3.4760E+04   1.3367E+05   1.5639E+07   1.3120E+10
   2.6400E-08   1.8000E+02   3.4984E+04   1.3367E+05   1.5641E+07   1.3117E+10
   2.6500E-08   1.8000E+02   3.5208E+04   1.3367E+05   1.5642E+07   1.3113E+10
   2.6600E-08   1.8000E+02   3.5432E+04   1.3367E+05   1.5643E+07   1.3110E+10
   2.6700E-08   1.8000E+02   3.5655E+04   1.3367E+05   1.5644E+07   1.3107E+10
   2.6800E-08   1.8000E+02   3.5877E+04   1.3367E+05   1.5645E+07   1.3104E+10
   2.6900E-08   1.8000E+02   3.6099E+04   1.3367E+05   1.5646E+07   1.3100E+10
   2.7000E-08   1.8000E+02   3.6320E+04   1.3367E+05   1.5647E+07   1.3097E+10
   2.7100E-08   1.8000E+02   3.6541E+04   1.3367E+05   1.5648E+07   1.3094E+10
   2.7200E-08   1.8000E+02   3.6762E+04   1.3367E+05   1.5649E+07   1.3092E+10
   2.7300E-08   1.8000E+02   3.6982E+04   1.3367E+05   1.5650E+07   1.3089E+10
   2.7400E-08   1.8000E+02   3.7201E+04   1.3367E+05   1.5651E+07   1.3086E+10
   2.7500E-08   1.8000E+02   3.7420E+04   1.3367E+05   1.5652E+07   1.3083E+10
   2.7600E-08   1.8000E+02   3.7639E+04   1.3367E+05   1.5653E+07   1.3081E+10
   2.7700E-08   1.8000E+02   3.7857E+04   1.3367E+05   1.5654E+07   1.3078E+10
   2.7800E-08   1.8000E+02   3.8074E+04   1.3367E+05   1.5655E+07   1.3075E+10
   2.7900E-08   1.8000E+02   3.8291E+04   1.3367E+05   1.5656E+07   1.3073E+10
   2.8000E-08   1.8000E+02   3.8508E+04   1.3367E+05   1.5657E+07   1.3071E+10
   2.8100E-08   1.8000E+02   3.8725E+04   1.3366E+05   1.5657E+07   1.3068E+10
   2.8200E-08   1.8000E+02   3.8940E+04   1.3366E+05   1.5658E+07   1.3066E+10
   2.8300E-08   1.8000E+02   3.9155E+04   1.3366E+05   1.5659E+07   1.3064E+10
   2.8400E-08   1.8000E+02   3.9371E+04   1.3366E+05   1.5659E+07   1.3061E+10
   2.8500E-08   1.8000E+02   3.9585E+04   1.3366E+05   1.5660E+07   1.3059E+10
   2.8600E-08   1.8000E+02   3.9799E+04   1.3366E+05   1.5661E+07   1.3057E+10
   2.8700E-08   1.8000E+02   4.0012E+04   1.3366E+05   1.5662E+07   1.3055E+10
   2.8800E-08   1.8000E+02   4.0225E+04   1.3366E+05   1.5662E+07   1.3053E+10
   2.8900E-08   1.8000E+02   4.0437E+04   1.3366E+05   1.5663E+07   1.3051E+10
   2.9000E-08   1.8000E+02   4.0650E+04   1.3366E+05   1.5664E+07   1.3049E+10
   2.9100E-08   1.8000E+02   4.0862E+04   1.3366E+05   1.5664E+07   1.3047E+10
   2.9200E-08   1.8000E+02   4.1073E+04   1.3366E+05   1.5665E+07   1.3045E+10
   2.9300E-08   1.8000E+02   4.1283E+04   1.3366E+05   1.5665E+07   1.3044E+10
   2.9400E-08   1.8000E+02   4.1494E+04   1.3366E+05   1.5666E+07   1.3042E+10
   2.9500E-08   1.8000E+02   4.1704E+04   1.3366E+05   1.5667E+07   1.3040E+10
   2.9600E-08   1.8000E+02   4.1913E+04   1.3365E+05   1.5667E+07   1.3038E+10
   2.9700E-08   1.8000E+02   4.2122E+04   1.3365E+05   1.5668E+07   1.3037E+10
   2.9800E-08   1.8000E+02   4.2330E+04   1.3365E+05   1.5668E+07   1.3035E+10
   2.9900E-08   1.8000E+02   4.2538E+04   1.3365E+05   1.5669E+07   1.3033E+10
   3.0000E-08   1.8000E+02   4.2746E+04   1.3365E+05   1.5669E+07   1.3032E+10
   3.0100E-08   1.8000E+02   4.2953E+04   1.3365E+05   1.5670E+07   1.3030E+10
   3.0200E-08   1.8000E+02   4.3159E+04   1.3365E+05   1.5670E+07   1.3029E+10
   3.0300E-08   1.8000E+02   4.3365E+04   1.3365E+05   1.5671E+07   1.3027E+10
   3.0400E-08   1.8000E+02   4.3572E+04   1.3365E+05   1.5671E+07   1.3026E+10
   3.0500E-08   1.8000E+02   4.3777E+04   1.3365E+05   1.5672E+07   1.3024E+10
   3.0600E-08   1.8000E+02   4.3982E+04   1.3365E+05   1.5672E+07   1.3023E+10
   3.0700E-08   1.8000E+02   4.4186E+04   1.3365E+05   1.5673E+07   1.3021E+10
   3.0800E-08   1.8000E+02   4.4390E+04   1.3365E+05   1.5673E+07   1.3020E+10
   3.0900E-08   1.8000E+02   4.4594E+04   1.3365E+05   1.5674E+07   1.3019E+10
   3.1000E-08   1.8000E+02   4.4798E+04   1.3364E+05   1.5674E+07   1.3017E+10
   3.1100E-08   1.8000E+02   4.5000E+04   1.3364E+05   1.5674E+07   1.3016E+10
   3.1200E-08   1.8000E+02   4.5201E+04   1.3364E+05   1.5675E+07   1.3014E+10
   3.1300E-08   1.8000E+02   4.5403E+04   1.3364E+05   1.5675E+07   1.3013E+10
   3.1400E-08   1.8000E+02   4.5605E+04   1.3364E+05   1.5676E+07   1.3012E+10
   3.1500E-08   1.8000E+02   4.5807E+04   1.3364E+05   1.5676E+07   1.3011E+10
   3.1600E-08   1.8000E+02   4.6008E+04   1.3364E+05   1.5676E+07   1.3009E+10
   3.1700E-08   1.8000E+02   4.6207E+04   1.3364E+05   1.5676E+07   1.3008E+10
   3.1800E-08   1.8000E+02   4.6405E+04   1.3364E+05   1.5677E+07   1.3007E+10
   3.1900E-08   1.8000E+02   4.6604E+04   1.3364E+05   1.5677E+07   1.3006E+10
   3.2000E-08   1.8000E+02   4.6802E+04   1.3364E+05   1.5678E+07   1.3005E+10
   3.2100E-08   1.8000E+02   4.7001E+04   1.3364E+05   1.5678E+07   1.3004E+10
   3.2200E-08   1.8000E+02   4.7200E+04   1.3364E+05   1.5678E+07   1.3003E+10
   3.2300E-08   1.8000E+02   4.7398E+04   1.3363E+05   1.5678E+07   1.3001E+10
   3.2400E-08   1.8000E+02   4.7595E+04   1.3363E+05   1.5678E+07   1.3000E+10
   3.2500E-08   1.8000E+02   4.7791E+04   1.3363E+05   1.5679E+07   1.2999E+10
   3.2600E-08   1.8000E+02   4.7986E+04   1.3363E+05   1.5679E+07   1.2998E+10
   3.2700E-08   1.8000E+02   4.8182E+04   1.3363E+05   1.5680E+07   1.2997E+10
   3.2800E-08   1.8000E+02   4.8377E+04   1.3363E+05   1.5680E+07   1.2996E+10
   3.2900E-08   1.8000E+02   4.8573E+04   1.3363E+05   1.5680E+07   1.2995E+10
   3.3000E-08   1.8000E+02   4.8768E+04   1.3363E+05   1.5681E+07   1.2994E+10
   3.3100E-08   1.8000E+02   4.8963E+04   1.3362E+05   1.5680E+07   1.2993E+10
   3.3300E-08   1.8000E+02   4.9347E+04   1.3362E+05   1.5681E+07   1.2991E+10
   3.3500E-08   1.8000E+02   4.9730E+04   1.3362E+05   1.5682E+07   1.2989E+10
   3.3700E-08   1.8000E+02   5.0114E+04   1.3362E+05   1.5682E+07   1.2988E+10
   3.3900E-08   1.8000E+02   5.0498E+04   1.3362E+05   1.5683E+07   1.2986E+10
   3.4100E-08   1.8000E+02   5.0878E+04   1.3361E+05   1.5683E+07   1.2984E+10
   3.4300E-08   1.8000E+02   5.1254E+04   1.3361E+05   1.5683E+07   1.2982E+10
   3.4500E-08   1.8000E+02   5.1630E+04   1.3361E+05   1.5684E+07   1.2981E+10
   3.4700E-08   1.8000E+02   5.2005E+04   1.3361E+05   1.5685E+07   1.2979E+10
   3.4900E-08   1.8000E+02   5.2381E+04   1.3361E+05   1.5685E+07   1.2978E+10
   3.5100E-08   1.8000E+02   5.2751E+04   1.3360E+05   1.5685E+07   1.2976E+10
   3.5300E-08   1.8000E+02   5.3119E+04   1.3360E+05   1.5685E+07   1.2974E+10
   3.5500E-08   1.8000E+02   5.3487E+04   1.3360E+05   1.5686E+07   1.2973E+10
   3.5700E-08   1.8000E+02   5.3855E+04   1.3360E+05   1.5686E+07   1.2972E+10
   3.5900E-08   1.8000E+02   5.4221E+04   1.3359E+05   1.5686E+07   1.2970E+10
   3.6100E-08   1.8000E+02   5.4581E+04   1.3359E+05   1.5686E+07   1.2968E+10
   3.6300E-08   1.8000E+02   5.4941E+04   1.3359E+05   1.5687E+07   1.2967E+10
   3.6500E-08   1.8000E+02   5.5301E+04   1.3359E+05   1.5687E+07   1.2966E+10
   3.6700E-08   1.8000E+02   5.5661E+04   1.3359E+05   1.5688E+07   1.2965E+10
   3.6900E-08   1.8000E+02   5.6021E+04   1.3358E+05   1.5687E+07   1.2963E+10
   3.7100E-08   1.8000E+02   5.6373E+04   1.3358E+05   1.5687E+07   1.2962E+10
   3.7300E-08   1.8000E+02   5.6724E+04   1.3358E+05   1.5688E+07   1.2961E+10
   3.7500E-08   1.8000E+02   5.7076E+04   1.3358E+05   1.5688E+07   1.2960E+10
   3.7700E-08   1.8000E+02   5.7427E+04   1.3358E+05   1.5689E+07   1.2959E+10
   3.7900E-08   1.8000E+02   5.7778E+04   1.3358E+05   1.5689E+07   1.2958E+10
   3.8100E-08   1.8000E+02   5.8128E+04   1.3357E+05   1.5688E+07   1.2956E+10
   3.8300E-08   1.8000E+02   5.8470E+04   1.3357E+05   1.5689E+07   1.2955E+10
   3.8500E-08   1.8000E+02   5.8812E+04   1.3357E+05   1.5689E+07   1.2954E+10
   3.8700E-08   1.8000E+02   5.9154E+04   1.3357E+05   1.5690E+07   1.2953E+10
   3.8900E-08   1.8000E+02   5.9496E+04   1.3357E+05   1.5690E+07   1.2953E+10
   3.9100E-08   1.8000E+02   5.9838E+04   1.3357E+05   1.5691E+07   1.2952E+10
   3.9300E-08   1.8000E+02   6.0178E+04   1.3356E+05   1.5690E+07   1.2950E+10
   3.9500E-08   1.8000E+02   6.0511E+04   1.3356E+05   1.5690E+07   1.2949E+10
   3.9700E-08   1.8000E+02   6.0844E+04   1.3356E+05   1.5690E+07   1.2948E+10
   3.9900E-08   1.8000E+02   6.1176E+04   1.3356E+05   1.5691E+07   1.2948E+10
   4.0100E-08   1.8000E+02   6.1509E+04   1.3356E+05   1.5691E+07   1.2947E+10
   4.0300E-08   1.8000E+02   6.1841E+04   1.3356E+05   1.5691E+07   1.2946E+10
   4.0500E-08   1.8000E+02   6.2173E+04   1.3355E+05   1.5691E+07   1.2944E+10
   4.0800E-08   1.8000E+02   6.2659E+04   1.3355E+05   1.5691E+07   1.2943E+10
   4.1100E-08   1.8000E+02   6.3144E+04   1.3355E+05   1.5692E+07   1.2942E+10
   4.1400E-08   1.8000E+02   6.3629E+04   1.3355E+05   1.5692E+07   1.2941E+10
   4.1700E-08   1.8000E+02   6.4114E+04   1.3355E+05   1.5693E+07   1.2940E+10
   4.2000E-08   1.8000E+02   6.4587E+04   1.3354E+05   1.5692E+07   1.2938E+10
   4.2300E-08   1.8000E+02   6.5057E+04   1.3354E+05   1.5692E+07   1.2937E+10
   4.2600E-08   1.8000E+02   6.5526E+04   1.3354E+05   1.5693E+07   1.2936E+10
   4.2900E-08   1.8000E+02   6.5996E+04   1.3354E+05   1.5693E+07   1.2935E+10
   4.3200E-08   1.8000E+02   6.6466E+04   1.3354E+05   1.5694E+07   1.2935E+10
   4.3500E-08   1.8000E+02   6.6925E+04   1.3353E+05   1.5693E+07   1.2932E+10
   4.3800E-08   1.8000E+02   6.7377E+04   1.3353E+05   1.5693E+07   1.2932E+10
   4.4200E-08   1.8000E+02   6.7981E+04   1.3353E+05   1.5694E+07   1.2931E+10
   4.4600E-08   1.8000E+02   6.8585E+04   1.3353E+05   1.5694E+07   1.2929E+10
   4.5000E-08   1.8000E+02   6.9176E+04   1.3352E+05   1.5694E+07   1.2927E+10
   4.5400E-08   1.8000E+02   6.9759E+04   1.3352E+05   1.5694E+07   1.2926E+10
   4.5800E-08   1.8000E+02   7.0341E+04   1.3352E+05   1.5695E+07   1.2926E+10
   4.6200E-08   1.8000E+02   7.0924E+04   1.3352E+05   1.5695E+07   1.2925E+10
   4.6600E-08   1.8000E+02   7.1492E+04   1.3351E+05   1.5695E+07   1.2923E+10
   4.7000E-08   1.8000E+02   7.2055E+04   1.3351E+05   1.5695E+07   1.2922E+10
   4.7400E-08   1.8000E+02   7.2617E+04   1.3351E+05   1.5696E+07   1.2921E+10
   4.7800E-08   1.8000E+02   7.3180E+04   1.3351E+05   1.5696E+07   1.2920E+10
   4.8200E-08   1.8000E+02   7.3730E+04   1.3350E+05   1.5696E+07   1.2919E+10
   4.8600E-08   1.8000E+02   7.4271E+04   1.3350E+05   1.5696E+07   1.2918E+10
   4.9000E-08   1.8000E+02   7.4812E+04   1.3350E+05   1.5697E+07   1.2917E+10
   4.9400E-08   1.8000E+02   7.5353E+04   1.3350E+05   1.5697E+07   1.2916E+10
   4.9800E-08   1.8000E+02   7.5890E+04   1.3350E+05   1.5697E+07   1.2915E+10
   5.0200E-08   1.8000E+02   7.6409E+04   1.3350E+05   1.5698E+07   1.2914E+10
   5.0600E-08   1.8000E+02   7.6928E+04   1.3350E+05   1.5698E+07   1.2913E+10
   5.1000E-08   1.8000E+02   7.7447E+04   1.3350E+05   1.5699E+07   1.2913E+10
   5.1400E-08   1.8000E+02   7.7966E+04   1.3350E+05   1.5699E+07   1.2912E+10
   5.1800E-08   1.8000E+02   7.8485E+04   1.3350E+05   1.5700E+07   1.2911E+10
   5.2200E-08   1.8000E+02   7.9002E+04   1.3350E+05   1.5700E+07   1.2910E+10
   5.2600E-08   1.8000E+02   7.9493E+04   1.3350E+05   1.5700E+07   1.2909E+10
   5.3000E-08   1.8000E+02   7.9983E+04   1.3350E+05   1.5701E+07   1.2909E+10
   5.3400E-08   1.8000E+02   8.0473E+04   1.3350E+05   1.5701E+07   1.2908E+10
   5.3800E-08   1.8000E+02   8.0963E+04   1.3350E+05   1.5702E+07   1.2907E+10
   5.4200E-08   1.8000E+02   8.1454E+04   1.3350E+05   1.5702E+07   1.2907E+10
   5.4600E-08   1.8000E+02   8.1936E+04   1.3350E+05   1.5703E+07   1.2906E+10
   5.5000E-08   1.8000E+02   8.2402E+04   1.3350E+05   1.5703E+07   1.2906E+10
   5.5400E-08   1.8000E+02   8.2868E+04   1.3350E+05   1.5703E+07   1.2905E+10
   5.5800E-08   1.8000E+02   8.3334E+04   1.3350E+05   1.5704E+07   1.2904E+10
   5.6200E-08   1.8000E+02   8.3800E+04   1.3350E+05   1.5704E+07   1.2904E+10
   5.6600E-08   1.8000E+02   8.4266E+04   1.3350E+05   1.5705E+07   1.2903E+10
   5.7000E-08   1.8000E+02   8.4712E+04   1.3351E+05   1.5706E+07   1.2903E+10
   5.7400E-08   1.8000E+02   8.5154E+04   1.3351E+05   1.5706E+07   1.2902E+10
   5.7800E-08   1.8000E+02   8.5595E+04   1.3351E+05   1.5706E+07   1.2902E+10
   5.8200E-08   1.8000E+02   8.6036E+04   1.3351E+05   1.5707E+07   1.2901E+10
   5.8600E-08   1.8000E+02   8.6478E+04   1.3351E+05   1.5707E+07   1.2901E+10
   5.9000E-08   1.8000E+02   8.6919E+04   1.3351E+05   1.5708E+07   1.2900E+10
   5.9400E-08   1.8000E+02   8.7361E+04   1.3351E+05   1.5708E+07   1.2899E+10
   5.9800E-08   1.8000E+02   8.7793E+04   1.3352E+05   1.5709E+07   1.2900E+10
